1.000000e+00 0.000000e+00 0.000000e+00 0.000000e+00 0.000000e+00 1.000000e+00 0.000000e+00 0.000000e+00 0.000000e+00 0.000000e+00 1.000000e+00 0.000000e+00
1.000000e+00 -3.786701e-07 -7.555068e-06 1.900879e-05 3.788989e-07 1.000000e+00 3.028665e-05 -1.248094e-04 7.555056e-06 -3.028665e-05 1.000000e+00 -1.408299e-05
1.000000e+00 -5.535512e-07 -9.789973e-06 1.077870e-05 5.535161e-07 1.000000e+00 -3.576992e-06 7.161604e-05 9.789975e-06 3.576987e-06 1.000000e+00 -1.366738e-05
1.000000e+00 -6.593539e-07 -1.539998e-05 2.290621e-05 6.601182e-07 1.000000e+00 4.963177e-05 -1.689563e-04 1.539994e-05 -4.963177e-05 1.000000e+00 -3.203605e-05
1.000000e+00 -1.397976e-06 -2.112034e-05 3.459595e-05 1.400080e-06 1.000000e+00 9.965085e-05 -3.929194e-04 2.112020e-05 -9.965088e-05 1.000000e+00 -4.268770e-05
1.000000e+00 -2.112725e-06 -2.876382e-05 5.699339e-05 2.116861e-06 1.000000e+00 1.438288e-04 -5.880051e-04 2.876352e-05 -1.438289e-04 1.000000e+00 -5.640820e-05
1.000000e+00 -2.426884e-06 -2.386789e-05 1.562448e-05 2.430082e-06 1.000000e+00 1.339752e-04 -5.118487e-04 2.386757e-05 -1.339752e-04 1.000000e+00 -6.546050e-05
1.000000e+00 -2.714608e-06 -2.737990e-05 1.678573e-05 2.719552e-06 1.000000e+00 1.805315e-04 -7.181598e-04 2.737941e-05 -1.805316e-04 1.000000e+00 -8.826850e-05
1.000000e+00 -4.185722e-06 -4.806570e-05 1.036774e-04 4.196144e-06 1.000000e+00 2.168514e-04 -8.734337e-04 4.806479e-05 -2.168516e-04 1.000000e+00 -9.733444e-05
1.000000e+00 -4.801113e-06 -6.175389e-05 1.542897e-04 4.816767e-06 9.999999e-01 2.535013e-04 -1.026376e-03 6.175267e-05 -2.535016e-04 9.999999e-01 -1.003568e-04
1.000000e+00 -5.402002e-06 -6.860793e-05 1.704030e-04 5.421220e-06 9.999999e-01 2.801126e-04 -1.129329e-03 6.860642e-05 -2.801130e-04 9.999999e-01 -1.037802e-04
1.000000e+00 -6.827294e-06 -6.132935e-05 1.166129e-04 6.841988e-06 1.000000e+00 2.395905e-04 -8.970172e-04 6.132770e-05 -2.395909e-04 9.999999e-01 -1.069673e-04
1.000000e+00 -6.791487e-06 -5.984214e-05 9.168055e-05 6.807757e-06 9.999999e-01 2.718814e-04 -1.028757e-03 5.984029e-05 -2.718818e-04 9.999999e-01 -1.139873e-04
1.000000e+00 -7.570360e-06 -6.232278e-05 8.728130e-05 7.588530e-06 9.999999e-01 2.915508e-04 -1.097346e-03 6.232056e-05 -2.915513e-04 9.999999e-01 -1.192975e-04
1.000000e+00 -9.755713e-06 -4.873614e-05 2.775349e-06 9.768888e-06 9.999999e-01 2.703244e-04 -9.620119e-04 4.873349e-05 -2.703249e-04 9.999999e-01 -8.974269e-05
1.000000e+00 -1.137879e-05 -3.921573e-05 -6.192204e-05 1.138806e-05 1.000000e+00 2.363622e-04 -7.631120e-04 3.921304e-05 -2.363626e-04 1.000000e+00 -8.735786e-05
1.000000e+00 -1.267780e-05 -5.339286e-05 -7.573079e-06 1.269143e-05 9.999999e-01 2.551656e-04 -8.282243e-04 5.338962e-05 -2.551663e-04 9.999999e-01 -1.008048e-04
1.000000e+00 -1.526047e-05 -4.784004e-05 -4.975961e-05 1.527150e-05 1.000000e+00 2.306578e-04 -6.804612e-04 4.783651e-05 -2.306586e-04 1.000000e+00 -9.104400e-05
1.000000e+00 -1.683400e-05 -4.773055e-05 -6.468211e-05 1.684455e-05 1.000000e+00 2.211443e-04 -6.080695e-04 4.772683e-05 -2.211451e-04 1.000000e+00 -7.593639e-05
1.000000e+00 -1.823474e-05 -5.081273e-05 -6.112325e-05 1.824647e-05 1.000000e+00 2.308332e-04 -6.314675e-04 5.080852e-05 -2.308342e-04 1.000000e+00 -9.440631e-05
1.000000e+00 -1.985547e-05 -5.813187e-05 -3.756839e-05 1.986954e-05 1.000000e+00 2.419758e-04 -6.621660e-04 5.812707e-05 -2.419770e-04 9.999999e-01 -1.115494e-04
1.000000e+00 -2.125168e-05 -5.570243e-05 -6.449137e-05 2.126441e-05 1.000000e+00 2.285436e-04 -5.718612e-04 5.569757e-05 -2.285448e-04 1.000000e+00 -8.604476e-05
1.000000e+00 -2.271617e-05 -5.564094e-05 -7.921758e-05 2.272863e-05 1.000000e+00 2.239635e-04 -5.241000e-04 5.563585e-05 -2.239648e-04 1.000000e+00 -7.010673e-05
1.000000e+00 -2.426889e-05 -6.241631e-05 -5.912410e-05 2.428460e-05 9.999999e-01 2.517534e-04 -6.388120e-04 6.241020e-05 -2.517549e-04 9.999999e-01 -8.763456e-05
1.000000e+00 -2.585561e-05 -5.996702e-05 -8.592168e-05 2.586980e-05 1.000000e+00 2.366672e-04 -5.393222e-04 5.996090e-05 -2.366688e-04 9.999999e-01 -5.485485e-05
1.000000e+00 -2.736074e-05 -5.728443e-05 -1.139280e-04 2.737365e-05 1.000000e+00 2.254805e-04 -4.594775e-04 5.727826e-05 -2.254821e-04 1.000000e+00 -4.434837e-05
1.000000e+00 -2.857571e-05 -5.687258e-05 -1.302915e-04 2.858850e-05 1.000000e+00 2.249117e-04 -4.323125e-04 5.686615e-05 -2.249133e-04 1.000000e+00 -4.618299e-05
1.000000e+00 -3.051566e-05 -5.586647e-05 -1.490170e-04 3.052813e-05 1.000000e+00 2.231863e-04 -3.988204e-04 5.585965e-05 -2.231880e-04 1.000000e+00 -7.948562e-05
1.000000e+00 -3.161481e-05 -5.584265e-05 -1.636626e-04 3.162568e-05 1.000000e+00 1.947075e-04 -2.338066e-04 5.583650e-05 -1.947093e-04 1.000000e+00 -3.495221e-05
1.000000e+00 -3.331021e-05 -6.384215e-05 -1.359217e-04 3.332327e-05 1.000000e+00 2.046413e-04 -2.603204e-04 6.383532e-05 -2.046435e-04 1.000000e+00 -6.640309e-05
1.000000e+00 -3.475982e-05 -6.978101e-05 -1.175102e-04 3.477395e-05 1.000000e+00 2.025239e-04 -2.264024e-04 6.977397e-05 -2.025263e-04 1.000000e+00 -7.338386e-05
1.000000e+00 -3.571580e-05 -7.020051e-05 -1.285858e-04 3.572937e-05 1.000000e+00 1.933916e-04 -1.567996e-04 7.019360e-05 -1.933941e-04 1.000000e+00 -6.429682e-05
1.000000e+00 -3.612660e-05 -6.908612e-05 -1.483976e-04 3.613839e-05 1.000000e+00 1.705905e-04 -1.851893e-05 6.907995e-05 -1.705930e-04 1.000000e+00 -6.144502e-05
1.000000e+00 -3.648321e-05 -7.787735e-05 -1.166237e-04 3.649754e-05 1.000000e+00 1.840077e-04 -6.157887e-05 7.787064e-05 -1.840106e-04 1.000000e+00 -8.520354e-05
1.000000e+00 -3.684703e-05 -8.181697e-05 -1.073609e-04 3.686314e-05 1.000000e+00 1.969697e-04 -1.029166e-04 8.180971e-05 -1.969727e-04 1.000000e+00 -1.113190e-04
1.000000e+00 -3.682314e-05 -8.831020e-05 -8.758894e-05 3.684231e-05 1.000000e+00 2.170789e-04 -1.795080e-04 8.830221e-05 -2.170821e-04 1.000000e+00 -1.417983e-04
1.000000e+00 -3.679815e-05 -9.395341e-05 -6.979123e-05 3.682027e-05 1.000000e+00 2.354879e-04 -2.495172e-04 9.394473e-05 -2.354913e-04 9.999999e-01 -1.814980e-04
1.000000e+00 -3.710548e-05 -1.006522e-04 -4.771969e-05 3.713115e-05 9.999999e-01 2.550584e-04 -3.251653e-04 1.006428e-04 -2.550621e-04 9.999999e-01 -2.205065e-04
1.000000e+00 -3.778962e-05 -1.037371e-04 -4.400294e-05 3.781656e-05 9.999999e-01 2.597393e-04 -3.261133e-04 1.037273e-04 -2.597432e-04 9.999999e-01 -2.449543e-04
1.000000e+00 -3.822639e-05 -1.129465e-04 -1.344133e-05 3.825793e-05 9.999999e-01 2.792002e-04 -3.974409e-04 1.129358e-04 -2.792045e-04 9.999999e-01 -2.769426e-04
1.000000e+00 -3.847585e-05 -1.240293e-04 2.550596e-05 3.851306e-05 9.999999e-01 3.000278e-04 -4.751994e-04 1.240178e-04 -3.000326e-04 9.999999e-01 -3.077127e-04
1.000000e+00 -3.901161e-05 -1.312910e-04 4.539933e-05 3.905279e-05 9.999999e-01 3.136786e-04 -5.165904e-04 1.312787e-04 -3.136838e-04 9.999999e-01 -3.366330e-04
1.000000e+00 -3.999264e-05 -1.303920e-04 2.849355e-05 4.003177e-05 9.999999e-01 3.001482e-04 -4.260204e-04 1.303800e-04 -3.001534e-04 9.999999e-01 -3.541968e-04
1.000000e+00 -4.083832e-05 -1.358975e-04 4.352646e-05 4.088061e-05 9.999999e-01 3.112558e-04 -4.581820e-04 1.358847e-04 -3.112613e-04 9.999999e-01 -3.740958e-04
1.000000e+00 -4.193349e-05 -1.329934e-04 1.690454e-05 4.197390e-05 9.999999e-01 3.038874e-04 -3.979398e-04 1.329806e-04 -3.038930e-04 9.999999e-01 -3.788893e-04
1.000000e+00 -4.277251e-05 -1.345804e-04 1.356305e-05 4.281515e-05 9.999999e-01 3.168449e-04 -4.392012e-04 1.345668e-04 -3.168507e-04 9.999999e-01 -3.900105e-04
1.000000e+00 -4.364692e-05 -1.375514e-04 1.243689e-05 4.369257e-05 9.999999e-01 3.319379e-04 -4.864968e-04 1.375369e-04 -3.319439e-04 9.999999e-01 -4.068837e-04
1.000000e+00 -4.648073e-05 -1.509563e-04 6.552132e-05 4.653809e-05 9.999999e-01 3.799889e-04 -6.995784e-04 1.509387e-04 -3.799960e-04 9.999999e-01 -4.132024e-04
1.000000e+00 -4.853283e-05 -1.477975e-04 3.316638e-05 4.858469e-05 9.999999e-01 3.509008e-04 -5.265569e-04 1.477805e-04 -3.509080e-04 9.999999e-01 -3.961845e-04
1.000000e+00 -5.096370e-05 -1.361845e-04 -4.104948e-05 5.100659e-05 9.999999e-01 3.149688e-04 -3.179519e-04 1.361685e-04 -3.149757e-04 9.999999e-01 -3.829430e-04
1.000000e+00 -5.463677e-05 -1.574685e-04 5.058862e-05 5.469384e-05 9.999999e-01 3.623960e-04 -5.255481e-04 1.574487e-04 -3.624046e-04 9.999999e-01 -3.723130e-04
1.000000e+00 -5.679103e-05 -1.710650e-04 1.041308e-04 5.685957e-05 9.999999e-01 4.006843e-04 -6.889018e-04 1.710422e-04 -4.006941e-04 9.999999e-01 -3.810097e-04
1.000000e+00 -5.918439e-05 -1.886562e-04 1.787501e-04 5.927090e-05 9.999999e-01 4.586019e-04 -9.501254e-04 1.886290e-04 -4.586131e-04 9.999999e-01 -3.799277e-04
1.000000e+00 -6.081573e-05 -1.995218e-04 2.182099e-04 6.091391e-05 9.999999e-01 4.921076e-04 -1.088823e-03 1.994918e-04 -4.921197e-04 9.999999e-01 -3.856407e-04
1.000000e+00 -6.228947e-05 -2.045315e-04 2.292628e-04 6.239828e-05 9.999999e-01 5.320107e-04 -1.260758e-03 2.044983e-04 -5.320235e-04 9.999998e-01 -3.945762e-04
1.000000e+00 -6.385844e-05 -2.137266e-04 2.645471e-04 6.397983e-05 9.999998e-01 5.680216e-04 -1.416474e-03 2.136902e-04 -5.680352e-04 9.999998e-01 -4.130359e-04
1.000000e+00 -6.492306e-05 -2.199348e-04 2.838601e-04 6.505209e-05 9.999998e-01 5.867553e-04 -1.486002e-03 2.198966e-04 -5.867696e-04 9.999998e-01 -4.358488e-04
1.000000e+00 -6.632855e-05 -2.250497e-04 2.976202e-04 6.646632e-05 9.999998e-01 6.122698e-04 -1.588389e-03 2.250091e-04 -6.122847e-04 9.999998e-01 -4.556896e-04
9.999999e-01 -6.781740e-05 -2.362510e-04 3.417332e-04 6.796823e-05 9.999998e-01 6.385133e-04 -1.694897e-03 2.362076e-04 -6.385294e-04 9.999998e-01 -4.731124e-04
9.999999e-01 -6.899389e-05 -2.467822e-04 3.836675e-04 6.915670e-05 9.999998e-01 6.597904e-04 -1.776776e-03 2.467366e-04 -6.598074e-04 9.999998e-01 -4.896882e-04
9.999999e-01 -7.031136e-05 -2.573950e-04 4.224746e-04 7.048683e-05 9.999998e-01 6.817639e-04 -1.858464e-03 2.573470e-04 -6.817820e-04 9.999998e-01 -5.019734e-04
9.999999e-01 -7.101929e-05 -2.693407e-04 4.669204e-04 7.121177e-05 9.999998e-01 7.146716e-04 -1.994729e-03 2.692899e-04 -7.146908e-04 9.999997e-01 -5.098885e-04
9.999999e-01 -7.176343e-05 -2.740788e-04 4.812808e-04 7.196233e-05 9.999998e-01 7.257484e-04 -2.025753e-03 2.740266e-04 -7.257681e-04 9.999997e-01 -5.262700e-04
9.999999e-01 -7.240423e-05 -2.860643e-04 5.300761e-04 7.261836e-05 9.999997e-01 7.485806e-04 -2.115311e-03 2.860100e-04 -7.486013e-04 9.999997e-01 -5.482073e-04
9.999999e-01 -7.352223e-05 -2.880035e-04 5.280221e-04 7.373803e-05 9.999997e-01 7.493697e-04 -2.095345e-03 2.879483e-04 -7.493909e-04 9.999997e-01 -5.635236e-04
9.999999e-01 -7.440014e-05 -2.884388e-04 5.171410e-04 7.461558e-05 9.999997e-01 7.470077e-04 -2.059573e-03 2.883832e-04 -7.470293e-04 9.999997e-01 -5.760392e-04
9.999999e-01 -7.491056e-05 -2.945075e-04 5.360405e-04 7.513483e-05 9.999997e-01 7.615759e-04 -2.108164e-03 2.944504e-04 -7.615981e-04 9.999996e-01 -5.949127e-04
9.999999e-01 -7.561332e-05 -2.980088e-04 5.432473e-04 7.584490e-05 9.999997e-01 7.771332e-04 -2.162681e-03 2.979500e-04 -7.771558e-04 9.999996e-01 -6.187895e-04
9.999999e-01 -7.859494e-05 -2.818090e-04 4.510725e-04 7.880207e-05 9.999997e-01 7.350857e-04 -1.929776e-03 2.817512e-04 -7.351079e-04 9.999997e-01 -5.900572e-04
9.999999e-01 -7.863729e-05 -2.837900e-04 4.519591e-04 7.884943e-05 9.999997e-01 7.475915e-04 -1.968544e-03 2.837312e-04 -7.476139e-04 9.999997e-01 -6.189565e-04
9.999999e-01 -7.956921e-05 -2.911357e-04 4.770132e-04 7.979685e-05 9.999997e-01 7.819688e-04 -2.115631e-03 2.910735e-04 -7.819920e-04 9.999996e-01 -6.350686e-04
9.999999e-01 -8.026450e-05 -2.949646e-04 4.852248e-04 8.049879e-05 9.999997e-01 7.943361e-04 -2.153145e-03 2.949008e-04 -7.943599e-04 9.999996e-01 -6.511562e-04
9.999999e-01 -8.095241e-05 -3.003864e-04 5.021159e-04 8.119595e-05 9.999996e-01 8.108363e-04 -2.211272e-03 3.003207e-04 -8.108607e-04 9.999996e-01 -6.716874e-04
9.999999e-01 -8.188325e-05 -3.047489e-04 5.141884e-04 8.213817e-05 9.999996e-01 8.365614e-04 -2.315793e-03 3.046803e-04 -8.365864e-04 9.999996e-01 -7.032872e-04
9.999999e-01 -8.336373e-05 -3.054643e-04 5.067729e-04 8.362904e-05 9.999996e-01 8.686169e-04 -2.452151e-03 3.053918e-04 -8.686424e-04 9.999996e-01 -7.266460e-04
9.999999e-01 -8.571037e-05 -2.965385e-04 4.479824e-04 8.595909e-05 9.999996e-01 8.388422e-04 -2.279378e-03 2.964665e-04 -8.388677e-04 9.999996e-01 -7.292720e-04
9.999999e-01 -9.096200e-05 -2.548448e-04 2.240044e-04 9.116672e-05 9.999997e-01 8.033877e-04 -2.081853e-03 2.547717e-04 -8.034109e-04 9.999996e-01 -6.781487e-04
9.999999e-01 -9.173102e-05 -2.562405e-04 2.177481e-04 9.194015e-05 9.999996e-01 8.162658e-04 -2.121701e-03 2.561655e-04 -8.162893e-04 9.999996e-01 -6.990650e-04
9.999999e-01 -9.290114e-05 -2.606300e-04 2.273322e-04 9.311804e-05 9.999996e-01 8.323157e-04 -2.178460e-03 2.605526e-04 -8.323399e-04 9.999996e-01 -7.265395e-04
9.999999e-01 -9.333117e-05 -2.631580e-04 2.280659e-04 9.355659e-05 9.999996e-01 8.567235e-04 -2.276667e-03 2.630780e-04 -8.567480e-04 9.999996e-01 -7.516014e-04
9.999999e-01 -9.426403e-05 -2.707027e-04 2.491637e-04 9.450326e-05 9.999996e-01 8.838710e-04 -2.384816e-03 2.706193e-04 -8.838965e-04 9.999996e-01 -7.668380e-04
9.999999e-01 -9.640503e-05 -2.563155e-04 1.634396e-04 9.662037e-05 9.999996e-01 8.402455e-04 -2.140959e-03 2.562344e-04 -8.402701e-04 9.999996e-01 -7.438477e-04
9.999999e-01 -9.802004e-05 -2.473071e-04 1.054719e-04 9.822365e-05 9.999996e-01 8.234527e-04 -2.033977e-03 2.472263e-04 -8.234769e-04 9.999996e-01 -7.385301e-04
9.999999e-01 -1.016261e-04 -2.276387e-04 -3.663408e-06 1.018005e-04 9.999997e-01 7.663114e-04 -1.728194e-03 2.275608e-04 -7.663346e-04 9.999997e-01 -6.959176e-04
1.000000e+00 -1.048875e-04 -2.129989e-04 -8.936453e-05 1.050423e-04 9.999997e-01 7.266249e-04 -1.507664e-03 2.129226e-04 -7.266472e-04 9.999997e-01 -6.778323e-04
1.000000e+00 -1.054786e-04 -2.183266e-04 -7.342630e-05 1.056398e-04 9.999997e-01 7.383034e-04 -1.542965e-03 2.182486e-04 -7.383264e-04 9.999997e-01 -7.018265e-04
9.999999e-01 -1.059866e-04 -2.245066e-04 -5.301539e-05 1.061559e-04 9.999997e-01 7.542412e-04 -1.599106e-03 2.244266e-04 -7.542651e-04 9.999997e-01 -7.287578e-04
9.999999e-01 -1.068551e-04 -2.338800e-04 -1.652089e-05 1.070376e-04 9.999997e-01 7.803112e-04 -1.705592e-03 2.337966e-04 -7.803362e-04 9.999996e-01 -7.601656e-04
9.999999e-01 -1.076035e-04 -2.354835e-04 -1.850468e-05 1.077897e-04 9.999997e-01 7.905818e-04 -1.733522e-03 2.353983e-04 -7.906072e-04 9.999996e-01 -7.840113e-04
9.999999e-01 -1.084609e-04 -2.380362e-04 -1.523690e-05 1.086516e-04 9.999997e-01 8.014084e-04 -1.763955e-03 2.379492e-04 -8.014343e-04 9.999996e-01 -8.076201e-04
9.999999e-01 -1.107228e-04 -2.345039e-04 -4.434922e-05 1.109033e-04 9.999997e-01 7.698524e-04 -1.582293e-03 2.344186e-04 -7.698783e-04 9.999997e-01 -8.168257e-04
9.999999e-01 -1.119751e-04 -2.453320e-04 1.173772e-06 1.121726e-04 9.999996e-01 8.051585e-04 -1.735972e-03 2.452418e-04 -8.051859e-04 9.999996e-01 -8.468407e-04
9.999999e-01 -1.139593e-04 -2.446226e-04 -1.424739e-05 1.141487e-04 9.999997e-01 7.745567e-04 -1.559853e-03 2.445342e-04 -7.745846e-04 9.999996e-01 -8.481310e-04
9.999999e-01 -1.160873e-04 -2.427163e-04 -3.696499e-05 1.162671e-04 9.999997e-01 7.411152e-04 -1.368537e-03 2.426303e-04 -7.411434e-04 9.999997e-01 -8.539140e-04
9.999999e-01 -1.184312e-04 -2.325505e-04 -1.018276e-04 1.185959e-04 9.999998e-01 7.082024e-04 -1.180064e-03 2.324665e-04 -7.082300e-04 9.999997e-01 -8.457470e-04
9.999999e-01 -1.198142e-04 -2.304088e-04 -1.269747e-04 1.199756e-04 9.999998e-01 7.005755e-04 -1.116918e-03 2.303248e-04 -7.006031e-04 9.999997e-01 -8.404102e-04
9.999999e-01 -1.231007e-04 -2.173650e-04 -2.060272e-04 1.232410e-04 9.999998e-01 6.455213e-04 -8.178455e-04 2.172855e-04 -6.455481e-04 9.999998e-01 -8.452139e-04
9.999999e-01 -1.246140e-04 -2.126569e-04 -2.436365e-04 1.247489e-04 9.999998e-01 6.346054e-04 -7.379999e-04 2.125778e-04 -6.346319e-04 9.999998e-01 -8.617073e-04
9.999999e-01 -1.264375e-04 -2.143119e-04 -2.473573e-04 1.265696e-04 9.999998e-01 6.161700e-04 -6.202157e-04 2.142340e-04 -6.161971e-04 9.999998e-01 -8.788642e-04
1.000000e+00 -1.299000e-04 -1.984237e-04 -3.391489e-04 1.300148e-04 9.999998e-01 5.786809e-04 -4.058989e-04 1.983485e-04 -5.787067e-04 9.999998e-01 -9.010815e-04
1.000000e+00 -1.314015e-04 -2.054778e-04 -3.156822e-04 1.315152e-04 9.999998e-01 5.539010e-04 -2.565029e-04 2.054049e-04 -5.539280e-04 9.999998e-01 -9.236655e-04
1.000000e+00 -1.338453e-04 -1.862036e-04 -4.250495e-04 1.339435e-04 9.999999e-01 5.278126e-04 -9.941809e-05 1.861330e-04 -5.278375e-04 9.999998e-01 -9.501128e-04
1.000000e+00 -1.348234e-04 -1.931786e-04 -4.002215e-04 1.349282e-04 9.999998e-01 5.426819e-04 -1.484592e-04 1.931054e-04 -5.427080e-04 9.999998e-01 -9.668444e-04
1.000000e+00 -1.377888e-04 -1.767667e-04 -4.935428e-04 1.378776e-04 9.999999e-01 5.025473e-04 7.686547e-05 1.766975e-04 -5.025716e-04 9.999999e-01 -9.668687e-04
1.000000e+00 -1.381573e-04 -1.775046e-04 -5.014324e-04 1.382457e-04 9.999999e-01 4.983734e-04 1.217341e-04 1.774357e-04 -4.983980e-04 9.999999e-01 -9.888292e-04
1.000000e+00 -1.392846e-04 -1.741455e-04 -5.306043e-04 1.393693e-04 9.999999e-01 4.869404e-04 2.035240e-04 1.740776e-04 -4.869647e-04 9.999999e-01 -1.006342e-03
1.000000e+00 -1.397162e-04 -1.783879e-04 -5.184534e-04 1.398045e-04 9.999999e-01 4.952968e-04 1.847981e-04 1.783186e-04 -4.953217e-04 9.999999e-01 -1.033829e-03
9.999999e-01 -1.401538e-04 -2.189528e-04 -3.235452e-04 1.400124e-04 9.999998e-01 -6.458651e-04 5.912114e-03 2.190433e-04 6.458344e-04 9.999998e-01 -8.803307e-04
9.999999e-01 -1.403906e-04 -2.211475e-04 -3.210606e-04 1.402504e-04 9.999998e-01 -6.339893e-04 5.875824e-03 2.212365e-04 6.339582e-04 9.999998e-01 -9.047092e-04
9.999999e-01 -1.403570e-04 -2.232582e-04 -3.174550e-04 1.402150e-04 9.999998e-01 -6.359933e-04 5.908538e-03 2.233475e-04 6.359620e-04 9.999998e-01 -9.257875e-04
9.999999e-01 -1.412594e-04 -2.284727e-04 -3.046432e-04 1.411180e-04 9.999998e-01 -6.189790e-04 5.850832e-03 2.285601e-04 6.189468e-04 9.999998e-01 -9.450800e-04
9.999999e-01 -1.419668e-04 -2.265422e-04 -3.289746e-04 1.418189e-04 9.999998e-01 -6.525935e-04 6.046277e-03 2.266348e-04 6.525614e-04 9.999998e-01 -9.492203e-04
9.999999e-01 -1.422136e-04 -2.284199e-04 -3.305942e-04 1.420663e-04 9.999998e-01 -6.445494e-04 6.033254e-03 2.285116e-04 6.445169e-04 9.999998e-01 -9.717522e-04
9.999999e-01 -1.427119e-04 -2.359837e-04 -3.066603e-04 1.425628e-04 9.999998e-01 -6.317099e-04 5.996319e-03 2.360738e-04 6.316762e-04 9.999998e-01 -9.875122e-04
9.999999e-01 -1.430627e-04 -2.426641e-04 -2.884593e-04 1.429135e-04 9.999998e-01 -6.147558e-04 5.938426e-03 2.427520e-04 6.147212e-04 9.999998e-01 -1.004829e-03
9.999999e-01 -1.436037e-04 -2.458660e-04 -2.876151e-04 1.434562e-04 9.999998e-01 -5.997746e-04 5.890356e-03 2.459521e-04 5.997394e-04 9.999998e-01 -1.025007e-03
9.999999e-01 -1.471812e-04 -2.302644e-04 -3.818314e-04 1.470311e-04 9.999998e-01 -6.518600e-04 6.177860e-03 2.303603e-04 6.518262e-04 9.999998e-01 -1.029851e-03
9.999999e-01 -1.479388e-04 -2.412314e-04 -3.424610e-04 1.477875e-04 9.999998e-01 -6.270594e-04 6.080226e-03 2.413242e-04 6.270237e-04 9.999998e-01 -1.049112e-03
9.999999e-01 -1.487399e-04 -2.516146e-04 -3.066298e-04 1.485872e-04 9.999998e-01 -6.070308e-04 6.007670e-03 2.517048e-04 6.069934e-04 9.999998e-01 -1.062992e-03
9.999999e-01 -1.498286e-04 -2.532838e-04 -3.138279e-04 1.496743e-04 9.999998e-01 -6.091400e-04 6.046586e-03 2.533750e-04 6.091020e-04 9.999998e-01 -1.060812e-03
9.999999e-01 -1.505157e-04 -2.602991e-04 -2.930804e-04 1.503602e-04 9.999998e-01 -5.970434e-04 6.014616e-03 2.603889e-04 5.970043e-04 9.999998e-01 -1.077885e-03
9.999999e-01 -1.515175e-04 -2.655406e-04 -2.795765e-04 1.513642e-04 9.999998e-01 -5.772238e-04 5.943675e-03 2.656281e-04 5.771837e-04 9.999998e-01 -1.093710e-03
9.999999e-01 -1.518488e-04 -2.729176e-04 -2.509238e-04 1.516954e-04 9.999998e-01 -5.619132e-04 5.890721e-03 2.730029e-04 5.618717e-04 9.999998e-01 -1.117058e-03
9.999999e-01 -1.522711e-04 -2.804574e-04 -2.214460e-04 1.521206e-04 9.999998e-01 -5.364595e-04 5.786296e-03 2.805391e-04 5.364168e-04 9.999998e-01 -1.145107e-03
9.999999e-01 -1.522510e-04 -2.869561e-04 -1.964043e-04 1.521033e-04 9.999999e-01 -5.148544e-04 5.701263e-03 2.870345e-04 5.148108e-04 9.999998e-01 -1.170603e-03
9.999999e-01 -1.523093e-04 -2.937086e-04 -1.693130e-04 1.521649e-04 9.999999e-01 -4.915250e-04 5.607865e-03 2.937834e-04 4.914803e-04 9.999998e-01 -1.198611e-03
9.999999e-01 -1.524538e-04 -3.081720e-04 -1.079784e-04 1.523047e-04 9.999999e-01 -4.839213e-04 5.594584e-03 3.082458e-04 4.838743e-04 9.999998e-01 -1.217314e-03
9.999999e-01 -1.530574e-04 -3.133340e-04 -9.434068e-05 1.529140e-04 9.999999e-01 -4.575163e-04 5.491475e-03 3.134040e-04 4.574684e-04 9.999998e-01 -1.237344e-03
9.999999e-01 -1.543164e-04 -3.186512e-04 -7.686239e-05 1.541820e-04 9.999999e-01 -4.217989e-04 5.337595e-03 3.187163e-04 4.217497e-04 9.999999e-01 -1.269532e-03
9.999999e-01 -1.570179e-04 -3.364098e-04 -1.934714e-06 1.568890e-04 9.999999e-01 -3.830924e-04 5.173950e-03 3.364699e-04 3.830396e-04 9.999999e-01 -1.255885e-03
9.999999e-01 -1.584951e-04 -3.463372e-04 3.443800e-05 1.583728e-04 9.999999e-01 -3.529174e-04 5.048471e-03 3.463931e-04 3.528626e-04 9.999999e-01 -1.273188e-03
9.999999e-01 -1.598789e-04 -3.529446e-04 5.362022e-05 1.597588e-04 9.999999e-01 -3.403048e-04 5.012150e-03 3.529989e-04 3.402484e-04 9.999999e-01 -1.300997e-03
9.999999e-01 -1.617724e-04 -3.632573e-04 9.202269e-05 1.616625e-04 9.999999e-01 -3.026553e-04 4.848980e-03 3.633063e-04 3.025966e-04 9.999999e-01 -1.313077e-03
9.999999e-01 -1.639577e-04 -3.755149e-04 1.397996e-04 1.638554e-04 9.999999e-01 -2.724383e-04 4.723496e-03 3.755595e-04 2.723767e-04 9.999999e-01 -1.337961e-03
9.999999e-01 -1.650929e-04 -3.858504e-04 1.767797e-04 1.649940e-04 9.999999e-01 -2.563867e-04 4.667885e-03 3.858927e-04 2.563230e-04 9.999999e-01 -1.377085e-03
9.999999e-01 -1.665553e-04 -3.944772e-04 2.055887e-04 1.664606e-04 9.999999e-01 -2.403189e-04 4.612112e-03 3.945171e-04 2.402533e-04 9.999999e-01 -1.407503e-03
9.999999e-01 -1.680111e-04 -3.956820e-04 1.962376e-04 1.679235e-04 9.999999e-01 -2.214251e-04 4.542210e-03 3.957192e-04 2.213586e-04 9.999999e-01 -1.438913e-03
9.999999e-01 -1.705137e-04 -4.008252e-04 2.068517e-04 1.704314e-04 9.999999e-01 -2.052417e-04 4.485718e-03 4.008602e-04 2.051733e-04 9.999999e-01 -1.469289e-03
9.999999e-01 -1.721041e-04 -4.029690e-04 2.006747e-04 1.720249e-04 9.999999e-01 -1.966785e-04 4.468461e-03 4.030028e-04 1.966092e-04 9.999999e-01 -1.486053e-03
9.999999e-01 -1.735570e-04 -4.082136e-04 2.127944e-04 1.734856e-04 9.999999e-01 -1.748494e-04 4.384606e-03 4.082439e-04 1.747786e-04 9.999999e-01 -1.520547e-03
9.999999e-01 -1.747724e-04 -4.153338e-04 2.329028e-04 1.747066e-04 1.000000e+00 -1.583246e-04 4.327968e-03 4.153615e-04 1.582520e-04 9.999999e-01 -1.536084e-03
9.999999e-01 -1.761368e-04 -4.264356e-04 2.734279e-04 1.760830e-04 1.000000e+00 -1.259885e-04 4.191751e-03 4.264578e-04 1.259135e-04 9.999999e-01 -1.553034e-03
9.999999e-01 -1.772095e-04 -4.334378e-04 2.929573e-04 1.771649e-04 1.000000e+00 -1.031174e-04 4.103540e-03 4.334560e-04 1.030406e-04 9.999999e-01 -1.569594e-03
9.999999e-01 -1.784631e-04 -4.459925e-04 3.397029e-04 1.784270e-04 1.000000e+00 -8.100209e-05 4.018512e-03 4.460069e-04 8.092250e-05 9.999999e-01 -1.588046e-03
9.999999e-01 -1.795131e-04 -4.583136e-04 3.869746e-04 1.794875e-04 1.000000e+00 -5.583327e-05 3.918246e-03 4.583237e-04 5.575100e-05 9.999999e-01 -1.613723e-03
9.999999e-01 -1.801121e-04 -4.633747e-04 3.977432e-04 1.800942e-04 1.000000e+00 -3.869924e-05 3.857472e-03 4.633817e-04 3.861579e-05 9.999999e-01 -1.644257e-03
9.999999e-01 -1.806330e-04 -4.626196e-04 3.779521e-04 1.806110e-04 1.000000e+00 -4.753912e-05 3.927200e-03 4.626282e-04 4.745556e-05 9.999999e-01 -1.673854e-03
9.999999e-01 -1.809963e-04 -4.659651e-04 3.795976e-04 1.809825e-04 1.000000e+00 -2.961076e-05 3.862142e-03 4.659705e-04 2.952642e-05 9.999999e-01 -1.691581e-03
9.999999e-01 -1.813998e-04 -4.683792e-04 3.773161e-04 1.813970e-04 1.000000e+00 -5.957584e-06 3.768547e-03 4.683802e-04 5.872621e-06 9.999999e-01 -1.712680e-03
9.999999e-01 -1.813063e-04 -4.675643e-04 3.576856e-04 1.813134e-04 1.000000e+00 1.502070e-05 3.688426e-03 4.675616e-04 -1.510547e-05 9.999999e-01 -1.727459e-03
9.999999e-01 -1.815237e-04 -4.650193e-04 3.303196e-04 1.815416e-04 1.000000e+00 3.842869e-05 3.595843e-03 4.650123e-04 -3.851311e-05 9.999999e-01 -1.741094e-03
9.999999e-01 -1.826363e-04 -4.820513e-04 4.006392e-04 1.826813e-04 1.000000e+00 9.325493e-05 3.345346e-03 4.820342e-04 -9.334298e-05 9.999999e-01 -1.767588e-03
9.999999e-01 -1.828987e-04 -4.853652e-04 4.052571e-04 1.829607e-04 1.000000e+00 1.276884e-04 3.196484e-03 4.853419e-04 -1.277772e-04 9.999999e-01 -1.791635e-03
9.999999e-01 -1.830290e-04 -4.872248e-04 4.042386e-04 1.831078e-04 9.999999e-01 1.618161e-04 3.048349e-03 4.871952e-04 -1.619054e-04 9.999999e-01 -1.823783e-03
9.999999e-01 -1.835831e-04 -4.951410e-04 4.274548e-04 1.836765e-04 9.999999e-01 1.887649e-04 2.940963e-03 4.951063e-04 -1.888558e-04 9.999999e-01 -1.834689e-03
9.999999e-01 -1.837415e-04 -4.950130e-04 4.156823e-04 1.838537e-04 9.999999e-01 2.266384e-04 2.773992e-03 4.949713e-04 -2.267294e-04 9.999999e-01 -1.849050e-03
9.999999e-01 -1.837630e-04 -4.925826e-04 3.931494e-04 1.838940e-04 9.999999e-01 2.659625e-04 2.598104e-03 4.925337e-04 -2.660531e-04 9.999998e-01 -1.878430e-03
9.999999e-01 -1.845152e-04 -4.885216e-04 3.623093e-04 1.846596e-04 9.999999e-01 2.954980e-04 2.470106e-03 4.884670e-04 -2.955881e-04 9.999998e-01 -1.910628e-03
9.999999e-01 -1.852176e-04 -4.896714e-04 3.515417e-04 1.853758e-04 9.999999e-01 3.231330e-04 2.357424e-03 4.896116e-04 -3.232238e-04 9.999998e-01 -1.933510e-03
9.999999e-01 -1.855513e-04 -4.819541e-04 3.030869e-04 1.857208e-04 9.999999e-01 3.517031e-04 2.234800e-03 4.818888e-04 -3.517925e-04 9.999998e-01 -1.973378e-03
9.999999e-01 -1.869452e-04 -4.843862e-04 2.984457e-04 1.871269e-04 9.999999e-01 3.751703e-04 2.141819e-03 4.843160e-04 -3.752609e-04 9.999998e-01 -1.990903e-03
9.999999e-01 -1.876446e-04 -4.857607e-04 2.882451e-04 1.878390e-04 9.999999e-01 4.002218e-04 2.041212e-03 4.856855e-04 -4.003130e-04 9.999998e-01 -2.013458e-03
9.999999e-01 -1.879124e-04 -4.877926e-04 2.808210e-04 1.881183e-04 9.999999e-01 4.221861e-04 1.956534e-03 4.877132e-04 -4.222778e-04 9.999998e-01 -2.034427e-03
9.999999e-01 -1.891803e-04 -4.807210e-04 2.272824e-04 1.893689e-04 9.999999e-01 3.924330e-04 2.129998e-03 4.806467e-04 -3.925240e-04 9.999998e-01 -2.006972e-03
9.999999e-01 -1.907672e-04 -4.785870e-04 2.006299e-04 1.909565e-04 9.999999e-01 3.955025e-04 2.133606e-03 4.785115e-04 -3.955938e-04 9.999998e-01 -2.022512e-03
9.999999e-01 -1.913945e-04 -4.742962e-04 1.607660e-04 1.915814e-04 9.999999e-01 3.939706e-04 2.160769e-03 4.742207e-04 -3.940614e-04 9.999998e-01 -2.038998e-03
9.999999e-01 -1.921650e-04 -4.710949e-04 1.276904e-04 1.923605e-04 9.999999e-01 4.150512e-04 2.078418e-03 4.710151e-04 -4.151417e-04 9.999998e-01 -2.064213e-03
9.999999e-01 -1.916159e-04 -4.692845e-04 4.649426e-04 1.929107e-04 9.999962e-01 2.760478e-03 -1.035464e-02 4.687537e-04 -2.760568e-03 9.999961e-01 -3.047755e-02
9.999999e-01 -1.918909e-04 -4.643994e-04 4.190448e-04 1.931811e-04 9.999961e-01 2.779679e-03 -1.042694e-02 4.638642e-04 -2.779768e-03 9.999960e-01 -3.050429e-02
9.999999e-01 -1.925952e-04 -4.658441e-04 4.051739e-04 1.938950e-04 9.999961e-01 2.791931e-03 -1.046429e-02 4.653046e-04 -2.792021e-03 9.999960e-01 -3.052900e-02
9.999999e-01 -1.926830e-04 -4.623598e-04 3.663847e-04 1.939793e-04 9.999961e-01 2.805347e-03 -1.050744e-02 4.618174e-04 -2.805437e-03 9.999959e-01 -3.055771e-02
9.999999e-01 -1.924402e-04 -4.614865e-04 3.400271e-04 1.937424e-04 9.999960e-01 2.823346e-03 -1.057325e-02 4.609413e-04 -2.823435e-03 9.999959e-01 -3.058708e-02
9.999999e-01 -1.918625e-04 -4.608382e-04 3.144678e-04 1.931705e-04 9.999959e-01 2.839886e-03 -1.063203e-02 4.602915e-04 -2.839975e-03 9.999959e-01 -3.061939e-02
9.999999e-01 -1.914580e-04 -4.558769e-04 2.677880e-04 1.927575e-04 9.999959e-01 2.852309e-03 -1.067039e-02 4.553290e-04 -2.852396e-03 9.999958e-01 -3.064847e-02
9.999999e-01 -1.903299e-04 -4.494919e-04 2.128512e-04 1.916324e-04 9.999958e-01 2.899550e-03 -1.088210e-02 4.489381e-04 -2.899636e-03 9.999957e-01 -3.068647e-02
9.999999e-01 -1.886713e-04 -4.501450e-04 1.939955e-04 1.899698e-04 9.999958e-01 2.886340e-03 -1.079027e-02 4.495985e-04 -2.886425e-03 9.999957e-01 -3.071322e-02
9.999999e-01 -1.887182e-04 -4.493798e-04 1.706878e-04 1.900165e-04 9.999958e-01 2.890788e-03 -1.079304e-02 4.488323e-04 -2.890873e-03 9.999957e-01 -3.074346e-02
9.999999e-01 -1.890767e-04 -4.574871e-04 1.957376e-04 1.904085e-04 9.999958e-01 2.912734e-03 -1.088319e-02 4.569344e-04 -2.912821e-03 9.999956e-01 -3.077272e-02
9.999999e-01 -1.897381e-04 -4.665318e-04 2.245791e-04 1.911102e-04 9.999956e-01 2.942707e-03 -1.101138e-02 4.659715e-04 -2.942796e-03 9.999956e-01 -3.080663e-02
9.999999e-01 -1.911932e-04 -4.746259e-04 2.490875e-04 1.925981e-04 9.999956e-01 2.961735e-03 -1.108501e-02 4.740576e-04 -2.961826e-03 9.999955e-01 -3.081364e-02
9.999999e-01 -1.927172e-04 -4.920455e-04 3.213050e-04 1.941920e-04 9.999955e-01 2.999057e-03 -1.125042e-02 4.914653e-04 -2.999152e-03 9.999954e-01 -3.083161e-02
9.999998e-01 -1.949072e-04 -5.100426e-04 3.974412e-04 1.964516e-04 9.999954e-01 3.029811e-03 -1.138386e-02 5.094497e-04 -3.029910e-03 9.999953e-01 -3.085611e-02
9.999998e-01 -1.968301e-04 -5.275676e-04 4.725846e-04 1.984517e-04 9.999952e-01 3.075450e-03 -1.159189e-02 5.269598e-04 -3.075555e-03 9.999951e-01 -3.088458e-02
9.999998e-01 -1.974496e-04 -5.316403e-04 4.828131e-04 1.990953e-04 9.999952e-01 3.097340e-03 -1.168004e-02 5.310262e-04 -3.097445e-03 9.999951e-01 -3.088855e-02
9.999998e-01 -1.994691e-04 -5.425347e-04 5.263661e-04 2.011651e-04 9.999951e-01 3.127797e-03 -1.181220e-02 5.419081e-04 -3.127905e-03 9.999949e-01 -3.091941e-02
9.999998e-01 -2.019357e-04 -5.385430e-04 4.974531e-04 2.036317e-04 9.999950e-01 3.151012e-03 -1.190905e-02 5.379040e-04 -3.151121e-03 9.999949e-01 -3.093902e-02
9.999998e-01 -2.034129e-04 -5.383542e-04 4.903721e-04 2.051135e-04 9.999950e-01 3.160695e-03 -1.193774e-02 5.377086e-04 -3.160805e-03 9.999949e-01 -3.095213e-02
9.999998e-01 -2.052040e-04 -5.397905e-04 4.865745e-04 2.069120e-04 9.999950e-01 3.166188e-03 -1.194176e-02 5.391382e-04 -3.166299e-03 9.999948e-01 -3.097292e-02
9.999998e-01 -2.070111e-04 -5.438534e-04 4.940617e-04 2.087339e-04 9.999949e-01 3.169557e-03 -1.193447e-02 5.431945e-04 -3.169670e-03 9.999948e-01 -3.099059e-02
9.999998e-01 -2.083936e-04 -5.499927e-04 5.115396e-04 2.101414e-04 9.999949e-01 3.179792e-03 -1.196157e-02 5.493272e-04 -3.179907e-03 9.999948e-01 -3.101536e-02
9.999998e-01 -2.098756e-04 -5.577024e-04 5.412776e-04 2.116616e-04 9.999948e-01 3.204206e-03 -1.206013e-02 5.570271e-04 -3.204324e-03 9.999947e-01 -3.104322e-02
9.999998e-01 -2.117725e-04 -5.706946e-04 5.971835e-04 2.136169e-04 9.999948e-01 3.233768e-03 -1.218348e-02 5.700068e-04 -3.233890e-03 9.999946e-01 -3.106917e-02
9.999998e-01 -2.136760e-04 -5.928358e-04 6.993007e-04 2.156122e-04 9.999946e-01 3.267881e-03 -1.232874e-02 5.921344e-04 -3.268008e-03 9.999945e-01 -3.108706e-02
9.999998e-01 -2.145002e-04 -6.003817e-04 7.302071e-04 2.164896e-04 9.999945e-01 3.315422e-03 -1.254104e-02 5.996673e-04 -3.315551e-03 9.999943e-01 -3.110464e-02
9.999998e-01 -2.154560e-04 -6.064367e-04 7.518567e-04 2.174800e-04 9.999944e-01 3.339396e-03 -1.263507e-02 6.057138e-04 -3.339528e-03 9.999942e-01 -3.112065e-02
9.999998e-01 -2.158891e-04 -6.195336e-04 8.103183e-04 2.179819e-04 9.999943e-01 3.380060e-03 -1.281260e-02 6.188003e-04 -3.380195e-03 9.999941e-01 -3.113966e-02
9.999998e-01 -2.161321e-04 -6.260612e-04 8.373678e-04 2.182668e-04 9.999942e-01 3.411789e-03 -1.294522e-02 6.253201e-04 -3.411925e-03 9.999940e-01 -3.113607e-02
9.999998e-01 -2.178997e-04 -6.457912e-04 9.304640e-04 2.201161e-04 9.999941e-01 3.434079e-03 -1.303714e-02 6.450391e-04 -3.434220e-03 9.999939e-01 -3.115739e-02
9.999998e-01 -2.200839e-04 -6.516479e-04 9.543509e-04 2.223311e-04 9.999940e-01 3.450437e-03 -1.309886e-02 6.508846e-04 -3.450581e-03 9.999939e-01 -3.117799e-02
9.999998e-01 -2.220254e-04 -6.587410e-04 9.856008e-04 2.243146e-04 9.999939e-01 3.477103e-03 -1.321299e-02 6.579650e-04 -3.477250e-03 9.999937e-01 -3.120189e-02
9.999998e-01 -2.239846e-04 -6.851507e-04 1.115522e-03 2.263671e-04 9.999939e-01 3.479220e-03 -1.320359e-02 6.843672e-04 -3.479374e-03 9.999937e-01 -3.122366e-02
9.999998e-01 -2.254682e-04 -6.935059e-04 1.151768e-03 2.278956e-04 9.999939e-01 3.502113e-03 -1.329804e-02 6.927120e-04 -3.502270e-03 9.999936e-01 -3.125064e-02
9.999997e-01 -2.267925e-04 -6.997886e-04 1.178765e-03 2.292551e-04 9.999938e-01 3.520980e-03 -1.337260e-02 6.989856e-04 -3.521139e-03 9.999936e-01 -3.127138e-02
9.999997e-01 -2.282084e-04 -7.026860e-04 1.189205e-03 2.306954e-04 9.999937e-01 3.541300e-03 -1.345478e-02 7.018734e-04 -3.541461e-03 9.999935e-01 -3.128647e-02
9.999997e-01 -2.293490e-04 -7.052912e-04 1.198794e-03 2.318552e-04 9.999937e-01 3.555377e-03 -1.350592e-02 7.044713e-04 -3.555540e-03 9.999934e-01 -3.130226e-02
9.999997e-01 -2.302527e-04 -7.089319e-04 1.213706e-03 2.327775e-04 9.999936e-01 3.563366e-03 -1.352674e-02 7.081068e-04 -3.563530e-03 9.999934e-01 -3.131724e-02
9.999997e-01 -2.315028e-04 -7.117478e-04 1.223933e-03 2.340449e-04 9.999936e-01 3.573637e-03 -1.355958e-02 7.109159e-04 -3.573803e-03 9.999934e-01 -3.132993e-02
9.999997e-01 -2.324928e-04 -6.997754e-04 1.155451e-03 2.349969e-04 9.999936e-01 3.580530e-03 -1.356930e-02 6.989385e-04 -3.580693e-03 9.999933e-01 -3.133329e-02
9.999997e-01 -2.336496e-04 -7.031471e-04 1.162692e-03 2.361691e-04 9.999936e-01 3.585302e-03 -1.356817e-02 7.023048e-04 -3.585467e-03 9.999933e-01 -3.133802e-02
9.999997e-01 -2.349961e-04 -7.072531e-04 1.175464e-03 2.375344e-04 9.999935e-01 3.591004e-03 -1.357171e-02 7.064046e-04 -3.591171e-03 9.999933e-01 -3.134006e-02
9.999997e-01 -2.363433e-04 -7.068804e-04 1.167927e-03 2.388590e-04 9.999936e-01 3.560984e-03 -1.339613e-02 7.060343e-04 -3.561151e-03 9.999934e-01 -3.134246e-02
9.999997e-01 -2.371625e-04 -7.082680e-04 1.169030e-03 2.396869e-04 9.999936e-01 3.566321e-03 -1.339762e-02 7.074177e-04 -3.566489e-03 9.999934e-01 -3.134905e-02
9.999997e-01 -2.381057e-04 -7.115036e-04 1.179511e-03 2.406468e-04 9.999936e-01 3.573403e-03 -1.340796e-02 7.106482e-04 -3.573574e-03 9.999934e-01 -3.135455e-02
9.999997e-01 -2.390920e-04 -7.059901e-04 1.147005e-03 2.416184e-04 9.999936e-01 3.580579e-03 -1.341923e-02 7.051295e-04 -3.580748e-03 9.999933e-01 -3.135797e-02
9.999997e-01 -2.403016e-04 -7.089001e-04 1.154074e-03 2.428416e-04 9.999936e-01 3.585113e-03 -1.341768e-02 7.080340e-04 -3.585285e-03 9.999933e-01 -3.135995e-02
9.999997e-01 -2.410015e-04 -7.111173e-04 1.158460e-03 2.435541e-04 9.999935e-01 3.591539e-03 -1.342523e-02 7.102471e-04 -3.591711e-03 9.999933e-01 -3.137558e-02
9.999997e-01 -2.418244e-04 -7.157280e-04 1.176630e-03 2.443981e-04 9.999935e-01 3.598083e-03 -1.343365e-02 7.148532e-04 -3.598257e-03 9.999933e-01 -3.138500e-02
9.999997e-01 -2.430819e-04 -7.167443e-04 1.175125e-03 2.456622e-04 9.999935e-01 3.602180e-03 -1.343037e-02 7.158639e-04 -3.602355e-03 9.999933e-01 -3.139374e-02
9.999997e-01 -2.444715e-04 -7.210409e-04 1.191459e-03 2.470501e-04 9.999936e-01 3.578241e-03 -1.328699e-02 7.201615e-04 -3.578418e-03 9.999933e-01 -3.137541e-02
9.999997e-01 -2.456681e-04 -7.234866e-04 1.197534e-03 2.482643e-04 9.999935e-01 3.590562e-03 -1.332514e-02 7.225999e-04 -3.590740e-03 9.999933e-01 -3.138493e-02
9.999997e-01 -2.467076e-04 -7.259407e-04 1.205229e-03 2.493153e-04 9.999935e-01 3.594285e-03 -1.332012e-02 7.250493e-04 -3.594464e-03 9.999933e-01 -3.138378e-02
9.999997e-01 -2.477078e-04 -7.259721e-04 1.201216e-03 2.503181e-04 9.999935e-01 3.597685e-03 -1.331311e-02 7.250761e-04 -3.597866e-03 9.999933e-01 -3.138124e-02
9.999997e-01 -2.486203e-04 -7.260252e-04 1.195626e-03 2.512313e-04 9.999935e-01 3.598394e-03 -1.329282e-02 7.251259e-04 -3.598575e-03 9.999933e-01 -3.138671e-02
9.999997e-01 -2.491552e-04 -7.250123e-04 1.181122e-03 2.517638e-04 9.999935e-01 3.600221e-03 -1.327725e-02 7.241106e-04 -3.600403e-03 9.999933e-01 -3.138497e-02
9.999997e-01 -2.493448e-04 -7.273580e-04 1.186160e-03 2.519661e-04 9.999934e-01 3.605936e-03 -1.328121e-02 7.264542e-04 -3.606118e-03 9.999932e-01 -3.139445e-02
9.999997e-01 -2.493637e-04 -7.307089e-04 1.194783e-03 2.520077e-04 9.999934e-01 3.620565e-03 -1.332946e-02 7.298012e-04 -3.620748e-03 9.999932e-01 -3.140832e-02
9.999997e-01 -2.498460e-04 -7.248904e-04 1.156892e-03 2.524694e-04 9.999934e-01 3.621171e-03 -1.330787e-02 7.239809e-04 -3.621353e-03 9.999932e-01 -3.142566e-02
9.999997e-01 -2.503155e-04 -7.231823e-04 1.139014e-03 2.529323e-04 9.999934e-01 3.620598e-03 -1.328123e-02 7.222712e-04 -3.620780e-03 9.999932e-01 -3.142024e-02
9.999997e-01 -2.506488e-04 -7.179866e-04 1.104547e-03 2.532440e-04 9.999934e-01 3.616831e-03 -1.323741e-02 7.170753e-04 -3.617011e-03 9.999932e-01 -3.142280e-02
9.999997e-01 -2.504313e-04 -7.210721e-04 1.110765e-03 2.530445e-04 9.999934e-01 3.626299e-03 -1.325937e-02 7.201592e-04 -3.626480e-03 9.999931e-01 -3.143672e-02
9.999997e-01 -2.498844e-04 -7.213241e-04 1.104237e-03 2.525005e-04 9.999934e-01 3.629044e-03 -1.324762e-02 7.204124e-04 -3.629225e-03 9.999931e-01 -3.144792e-02
9.999997e-01 -2.491811e-04 -7.250859e-04 1.114975e-03 2.518171e-04 9.999933e-01 3.637710e-03 -1.326576e-02 7.241746e-04 -3.637891e-03 9.999931e-01 -3.146040e-02
9.999997e-01 -2.486253e-04 -7.280295e-04 1.122545e-03 2.512765e-04 9.999933e-01 3.643836e-03 -1.327069e-02 7.271186e-04 -3.644018e-03 9.999931e-01 -3.147185e-02
9.999997e-01 -2.479977e-04 -7.341178e-04 1.144735e-03 2.506732e-04 9.999933e-01 3.646709e-03 -1.325853e-02 7.332084e-04 -3.646892e-03 9.999931e-01 -3.147996e-02
9.999997e-01 -2.470932e-04 -7.387003e-04 1.160422e-03 2.497894e-04 9.999933e-01 3.652084e-03 -1.325930e-02 7.377930e-04 -3.652267e-03 9.999931e-01 -3.149197e-02
9.999997e-01 -2.465163e-04 -7.432107e-04 1.176291e-03 2.492330e-04 9.999933e-01 3.657354e-03 -1.325960e-02 7.423041e-04 -3.657538e-03 9.999930e-01 -3.150461e-02
9.999997e-01 -2.460354e-04 -7.452989e-04 1.178717e-03 2.487619e-04 9.999933e-01 3.660473e-03 -1.324924e-02 7.443933e-04 -3.660657e-03 9.999930e-01 -3.151229e-02
9.999997e-01 -2.455912e-04 -7.496250e-04 1.193546e-03 2.483329e-04 9.999933e-01 3.659622e-03 -1.321974e-02 7.487211e-04 -3.659806e-03 9.999930e-01 -3.152006e-02
9.999997e-01 -2.453795e-04 -7.505491e-04 1.191419e-03 2.481187e-04 9.999933e-01 3.651775e-03 -1.315491e-02 7.496480e-04 -3.651960e-03 9.999930e-01 -3.152253e-02
9.999997e-01 -2.450153e-04 -7.529367e-04 1.196334e-03 2.477598e-04 9.999933e-01 3.647105e-03 -1.310646e-02 7.520381e-04 -3.647290e-03 9.999931e-01 -3.151238e-02
9.999997e-01 -2.446634e-04 -7.539749e-04 1.193786e-03 2.474129e-04 9.999933e-01 3.648767e-03 -1.308951e-02 7.530772e-04 -3.648952e-03 9.999931e-01 -3.151795e-02
9.999997e-01 -2.443437e-04 -7.555017e-04 1.192045e-03 2.470979e-04 9.999933e-01 3.647645e-03 -1.305891e-02 7.546055e-04 -3.647830e-03 9.999931e-01 -3.151560e-02
9.999997e-01 -2.459547e-04 -7.463022e-04 1.138569e-03 2.486667e-04 9.999934e-01 3.636049e-03 -1.298292e-02 7.454029e-04 -3.636234e-03 9.999931e-01 -3.149031e-02
9.999997e-01 -2.469280e-04 -7.604657e-04 1.200396e-03 2.496990e-04 9.999933e-01 3.645945e-03 -1.301386e-02 7.595603e-04 -3.646133e-03 9.999931e-01 -3.151318e-02
9.999997e-01 -2.477607e-04 -7.554209e-04 1.167188e-03 2.505135e-04 9.999933e-01 3.646198e-03 -1.299581e-02 7.545125e-04 -3.646386e-03 9.999931e-01 -3.151154e-02
9.999997e-01 -2.486764e-04 -7.504852e-04 1.135629e-03 2.514070e-04 9.999933e-01 3.640525e-03 -1.294940e-02 7.495749e-04 -3.640712e-03 9.999931e-01 -3.148664e-02
9.999997e-01 -2.492878e-04 -7.492367e-04 1.122454e-03 2.520246e-04 9.999933e-01 3.654947e-03 -1.300225e-02 7.483205e-04 -3.655135e-03 9.999930e-01 -3.149727e-02
9.999997e-01 -2.497911e-04 -7.541993e-04 1.139882e-03 2.525504e-04 9.999933e-01 3.660599e-03 -1.301131e-02 7.532799e-04 -3.660789e-03 9.999930e-01 -3.150022e-02
